n   r  total_calls  O(calls)  time(microseconds)
3 2 8 4 21
5 3 22 11 20
7 4 22 11 21
14 5 76 38 29
17 5 127 69 36
27 7 152 76 47
34 8 258 129 62
32 9 418 248 70
44 10 855 511 91
58 11 572 286 96
72 12 818 409 120
89 13 1803 1096 176
99 14 1908 1138 183
119 15 2506 1492 227
139 16 3408 2117 281
147 17 2422 1211 287
143 18 2470 1235 264
172 19 4497 2657 389
170 20 4526 2604 400
223 21 6364 3797 506
234 22 5118 2559 483
283 23 9001 5417 634
302 24 10204 6253 712
307 25 10547 6213 732
346 26 12575 7689 846
343 27 16785 11309 961
362 28 9746 4873 852
411 29 16361 10117 1087
458 30 19678 12166 1364
463 31 19771 12011 1319
526 32 22553 13578 1501
533 33 23893 14780 1564
590 34 29473 18369 1854
619 35 30476 18880 1949
656 36 31677 18798 2068
676 37 34749 21752 2283
678 38 33453 20223 2235
751 39 28590 14295 2327
795 40 31960 15980 2887
838 41 62002 42901 3350
877 42 36934 18467 2992
931 43 40144 20072 3223
964 44 42170 21085 3451
1005 45 45474 22842 3833
1054 46 49068 24534 4044
1112 47 69083 41594 4556
1120 48 71498 43250 4829
1203 49 59150 29575 4973
1233 50 86809 54663 5623
1306 51 66328 33164 5861
1354 52 70555 35328 6144
1400 53 138694 97648 7875
1453 54 79102 39551 6756
1500 55 112366 69462 7780
1583 56 87428 43714 7746
1663 57 128569 79786 9029
1665 58 181531 128028 10261
1735 59 137754 84392 10046
1813 60 109674 54837 9969
1847 61 113119 56619 10115
1961 62 167644 104132 12383
1974 63 172799 108904 12559
1974 64 125906 62953 11744
2051 65 178410 109636 13460
2210 66 202601 128429 15362
2224 67 265463 185932 18185
2353 68 160156 80078 17081
2370 69 228491 144143 26954
2410 70 307075 218387 37376
2535 71 327776 230671 41592
2588 72 249673 153543 32537
2652 73 263006 161070 38574
2646 74 266802 166926 32502
2819 75 212080 106040 29912
2870 76 391836 276701 36747
2965 77 317407 199113 41571
3076 78 332218 208364 42523
3077 79 326169 200938 37396
3156 80 250290 125145 32796
3334 81 270352 135176 32377
3375 82 385202 242525 33887
3485 83 521953 368158 36582
3537 84 397206 242553 32539
3650 85 312610 156305 30854
3727 86 435525 269990 33386
3750 87 328938 165799 31304
3888 88 470407 291999 34453
3968 89 655929 468652 39486
4020 90 364528 182396 33488
4152 91 377482 188741 33625
4252 92 548120 348233 37962
4316 93 546834 339724 38664
4345 94 559567 349372 40093
4469 95 975442 744524 51294
4628 96 439052 219526 40564
4660 97 627424 396298 45426
4845 98 652418 410232 46221
4845 99 659622 411907 46784
4940 100 678089 425283 50872
5145 101 733099 467400 53866
5161 102 959035 681292 58260
5349 103 1016161 730343 60491
5433 104 757888 471021 53983
5523 105 798655 502097 55976
5591 106 822104 514271 58521
5671 107 839172 530646 61322
5825 108 825518 504259 60872
5928 109 864768 534449 60971
6189 110 680148 340074 59475
6222 111 956251 603488 65797
6236 112 701626 350813 60911
6407 113 976848 601396 68560
6461 114 736589 369235 64190
6527 115 1030374 649667 70163
6784 116 1104215 701532 73673
6901 117 807036 403518 69101
6935 118 1117077 698217 77027
7042 119 1122619 697160 79974
7258 120 1180484 729863 90596
7278 121 1227311 775164 95863
7453 122 1214038 750502 93512
7639 123 1296552 817860 90948
7791 124 1337912 837345 99414
7783 125 1297289 796098 137923
8050 126 1016262 508131 116803
8022 127 1015585 507980 102750
8137 128 1950388 1407679 123459
8373 129 1475435 923639 111794
8323 130 1085036 542518 108941
8618 131 1125258 562629 104699
8716 132 1551059 967311 108040
8901 133 1634853 1033100 109861
9015 134 1627057 1012775 113392
9079 135 1226130 613065 108897
9278 136 1268406 634203 132600
9311 137 2317938 1661061 155390
9482 138 1781620 1111722 135761
9677 139 1888881 1209738 129339
9920 140 1896699 1186819 129831
9870 141 1895616 1194790 134842
10101 142 1437518 718759 126668
10238 143 2029299 1284998 138448
10405 144 1496574 748287 128394
10526 145 2088975 1310591 141785
10623 146 1543894 772784 133292
10791 147 2875975 2055224 171987
10911 148 1609856 804928 140440
11027 149 2217821 1384212 149093
11285 150 1700684 850342 144422
11360 151 1717470 858735 146259
11547 152 1752440 876220 147529
11680 153 2442119 1539109 182899
11810 154 2393307 1466659 184727
12011 155 1868906 934453 180655
12077 156 3476786 2509565 222408
12335 157 2674416 1698153 194977
12299 158 2697004 1710523 211142
12593 159 1990594 995297 188320
12818 160 2825742 1783546 198013
13009 161 2874450 1794201 226498
13140 162 2131216 1065608 204249
13316 163 3038865 1937271 216839
13527 164 3028169 1900152 210080
13778 165 3113708 1963174 233407
13730 166 3091731 1932856 228318
14070 167 2360966 1180483 205759
14124 168 3296029 2090956 253473
14214 169 3271440 2055305 322937
14456 170 3359164 2119059 250957
14644 171 3441516 2176475 246658
14759 172 3458462 2166770 273829
15057 173 3577536 2258558 242728
14999 174 3619292 2297636 235451
15282 175 4958116 3594294 270654
15619 176 3765130 2372719 270567
15783 177 3814059 2400020 281103
15863 178 3878238 2454797 274750
15963 179 3895427 2451823 288157
16201 180 2913438 1457676 280641
16390 181 2968513 1485835 329080
16573 182 4198785 2669178 348701
16728 183 4215573 2660289 305957
16975 184 4272378 2689326 332322
17270 185 5973170 4328288 475428
17236 186 4480266 2848075 404783
17643 187 3296931 1648743 393460
17614 188 4504026 2832625 390146
17796 189 4670983 2967259 344582
18070 190 6317297 4552097 364265
18251 191 3484956 1742478 334873
18430 192 3541364 1771705 372250
18659 193 4917109 3104263 359494
18903 194 3677024 1838512 323225
18946 195 5022244 3143934 469819
19121 196 5187813 3294036 404751
19405 197 5356263 3416994 551258
19708 198 5370506 3396861 513243
19859 199 5450973 3447821 516173
19771 200 5401806 3400581 616478
20078 201 5413331 3363457 467207
20501 202 4136080 2068040 415927
20591 203 5717747 3612062 521481
20803 204 5747193 3593711 403566
21013 205 5716623 3537795 404712
21311 206 8100887 5858873 465520
21356 207 5941167 3696173 499375
21757 208 4524368 2262184 438133
21847 209 6337585 4025554 591418
21903 210 6311977 3989779 584775
22347 211 4729472 2364736 509586
22367 212 6498656 4101533 513505
22632 213 6672539 4240437 510007
22912 214 6764040 4277881 564232
23063 215 6706567 4198744 576099
23418 216 6912854 4356980 480528
23602 217 5110022 2555011 532902
23895 218 5198248 2599124 586809
24208 219 7338194 4670584 725718
24288 220 5339350 2669675 741434
24390 221 7352810 4642934 849639
24724 222 7503761 4715007 775045
24951 223 7840519 5023077 626820
25220 224 5660773 2831048 555150
25314 225 5699150 2849575 610612
25307 226 7730061 4837714 695464
25681 227 5825088 2912544 601690
26050 228 5935596 2967798 532268
26174 229 6019556 3009778 510022
26357 230 6080946 3040928 684924
26775 231 8468763 5332009 695102
26841 232 8466662 5334084 718036
26936 233 6280684 3140342 556238
27383 234 6429968 3214984 606498
27501 235 8942553 5682180 766428
27768 236 9063485 5751440 674687
28310 237 6679898 3339949 619555
28309 238 6747936 3373968 570406
28678 239 9411393 5948589 671916
28655 240 6862290 3431145 594298
28961 241 9477185 5940526 831318
29043 242 9646765 6095159 906345
29443 243 9768818 6162307 1059630
29789 244 9912037 6243250 926375
30076 245 10130499 6414423 786984
30296 246 10123716 6378091 778592
30463 247 7541226 3770613 780751
30976 248 10327561 6454191 920999
30759 249 7655886 3827943 727671
31459 250 10958953 7002959 970384
31327 251 10673407 6700857 1296011
31840 252 8027658 4013829 791645
31928 253 11203504 7134813 772023
32224 254 11062277 6932686 745001
32523 255 8325889 4163324 805134
32639 256 8349780 4174890 673675
32908 257 19741506 15371153 1053832
33230 258 8569610 4284805 809034
33365 259 11268132 6918419 860549
33498 260 8717100 4358550 797002
33931 261 8867539 4435667 819983
34328 262 16605935 11986215 964971
34761 263 9150622 4587245 1310607
34903 264 9210982 4605491 1256668
35224 265 9354950 4677475 1013471
35265 266 9384212 4692106 1130438
35669 267 9520022 4760011 1113446
35713 268 13151956 8322937 1172215
36034 269 17831753 12892375 1115535
36209 270 13387688 8436375 963611
36605 271 9942560 4971280 936323
37154 272 13867960 8775281 1001383
37203 273 10142126 5071063 1015851
37348 274 14102258 8948040 1092233
37578 275 13860771 8646195 1087303
37934 276 10502389 5264279 1140171
38634 277 14523884 9147337 1080964
38600 278 10718282 5359141 1087658
39078 279 10897578 5448789 961464
39255 280 20077698 14499335 1193325
39306 281 14889159 9323856 1126536
39957 282 11272948 5636474 974588
40051 283 15906268 10192514 1541545
40291 284 15384822 9611206 1413114
40897 285 11655292 5827646 1216471
40922 286 15861521 9962453 1240292
41284 287 16366074 10424282 1267644
41539 288 16549460 10511436 1361789
41612 289 12031684 6015842 1092552
42037 290 12184562 6092281 1112372
42420 291 16925842 10691374 1264500
42640 292 12449447 6225589 1085407
42905 293 17199746 10848491 1207258
43137 294 12699232 6349616 1058635
43531 295 12867970 6450302 1161200
43990 296 23598256 16976404 1332136
43964 297 18240564 11640583 1243890
44479 298 18100124 11390229 1637629
44757 299 18443174 11704614 1339105
44737 300 13405148 6702574 1205737
45426 301 18948206 12061768 1289988
45725 302 13796984 6898492 1166325
45854 303 19063283 12060725 1314396
46186 304 18976255 11886831 1301224
46626 305 14191004 7095502 1232294
46550 306 19319208 12138238 1311031
47100 307 19691411 12410853 1486963
47186 308 19712974 12396813 1332896
47433 309 14671482 7335741 1294777
48100 310 27718160 20149524 1834396
48385 311 15054283 7528216 1766683
48838 312 15278566 7639283 1405360
49086 313 15363265 7683771 1603584
49166 314 15418520 7709260 1360268
49671 315 15632210 7816105 1435380
49935 316 15764186 7882093 1432618
50400 317 22012560 13981993 2086450
50743 318 16145654 8078638 2524804
50668 319 22093756 13955935 1893064
51061 320 22690765 14461778 1705774
51404 321 16561373 8298841 1588087
51821 322 23063487 14668528 1852715
52139 323 23006973 14538118 1952773
52606 324 23339585 14747552 1699465
52550 325 23237971 14615122 1758106
53062 326 17323514 8661757 1474677
53426 327 23885471 15085925 1607360
53810 328 24208230 15321215 1692711
54055 329 17750804 8875402 1688333
54462 330 17971068 8985534 1726841
54816 331 25013044 15851989 2373518
55020 332 24888933 15661572 2047005
55436 333 18503372 9254282 1955792
55681 334 18566340 9283170 1727501
56076 335 25850320 16423219 2413247
56483 336 26375660 16796737 2332162
56653 337 19050800 9529294 1794739
57037 338 26281476 16597910 2579218
57575 339 26744837 16918764 2188707
57850 340 19711906 9855953 1809141
58312 341 19872280 9939605 1878513
58701 342 20027450 10013725 1869369
59061 343 27670838 17491491 2234995
59538 344 28473882 18148518 2769783
59453 345 28095388 17758318 3012181
59920 346 38339747 27851823 2811054
60299 347 20905186 10452593 1801026
60809 348 39126457 28396227 2248876
61335 349 21410716 10705358 1813843
61298 350 21481694 10740847 2402730
61569 351 29572397 18677910 1916374
61808 352 21707932 10853966 2076795
62305 353 40777112 29625181 2880872
62555 354 40862126 29666422 2307286
63135 355 22425658 11212829 1889758
63496 356 22613766 11306883 2053725
63703 357 31220249 19765524 2375821
64247 358 22974736 11487368 2112738
64342 359 42734459 30995244 2549136
64921 360 32032158 20298080 2529311
65347 361 32455834 20606156 2848249
65559 362 32838263 20863624 2537226
65845 363 43245121 31127286 3821686
65892 364 23961120 11980560 2375641
66718 365 33078636 20794675 2599750
66739 366 24445796 12222898 2835200
67206 367 24777830 12412744 3768365
67571 368 24832344 12416172 4443566
68180 369 34031031 21423618 2781410
68249 370 33700383 20980364 2723388
68821 371 34610761 21793516 2887734
68861 372 34698588 21840195 2874752
69409 373 25945015 12998501 2583101
70105 374 35946867 22735917 2904999
70320 375 35791326 22504029 2990709
70975 376 26710807 13379258 2580137
71338 377 37306421 23764482 3141331
71248 378 26953245 13477560 2665060
72196 379 37655238 23862170 3593917
72092 380 37313657 23539742 3422143
72958 381 27821570 13910785 2619745
72799 382 38063008 24078051 3011339
73373 383 28143638 14099293 3298763
73884 384 28407477 14229111 3388516
73611 385 38158606 23885805 3338516
74442 386 39052224 24612342 3204202
74690 387 28924542 14462271 2739097
75258 388 29162022 14581590 3450414
75421 389 40054306 25267870 3275486
75955 390 40785957 25924783 3117686
76508 391 29855818 14927909 2946788
76316 392 29887006 14943503 2881578
76983 393 30324166 15162083 2928775
77711 394 42053087 26626523 3200298
78181 395 42256418 26711942 3285523
78184 396 42175374 26607808 3742770
78816 397 31344619 15672705 3020210
78882 398 31368562 15684281 3013333
80053 399 43164958 27088031 4206513
79848 400 31995142 15997571 4192669
80507 401 32390676 16195338 3218253
80595 402 44038649 27722610 3405251
80851 403 32581460 16290730 3270168
81784 404 45681553 29089584 3641754
81887 405 44655960 27978793 3432843
82129 406 46024743 29272324 4411641
83049 407 46261135 29239129 3793292
82910 408 46564253 29570877 3434852
83749 409 34250784 17129571 3459361
84339 410 47765720 30378953 4409749
84508 411 47551065 30090904 4335656
84773 412 47886872 30367856 3786256
85326 413 47817820 30087293 3572278
86044 414 35587382 17793691 3397593
86097 415 48664878 30738362 3698684
86814 416 49343048 31207824 4017645
86811 417 36150873 18076059 3563512
86976 418 49658112 31374302 3935873
87591 419 50163725 31676923 3849894
88207 420 37073578 18536789 3765934
88641 421 51438143 32671862 3932742
88662 422 51473096 32618923 4503680
89040 423 37670445 18837516 4373318
89762 424 52347945 33189153 4863306
90500 425 52710444 33359954 4533466
91083 426 53071573 33570485 4891629
91171 427 53632972 34058508 4803602
91766 428 39272623 19638215 3577661
92249 429 54850303 34893242 4250210
92550 430 54800439 34795845 3800170
92565 431 54648384 34588934 3714340
93816 432 74337100 53891190 4197213
93981 433 40676126 20338063 3705946
94002 434 40713764 20356882 3551473
94823 435 41267008 20633504 3753903
95334 436 57304577 36401725 4101275
95680 437 77089753 55965071 4466724
96122 438 57781710 36585927 3976637
96052 439 42232206 21116103 3637364
97072 440 58851045 37399530 4029387
97644 441 78740662 57024612 4797318
97721 442 43125220 21599075 4228526
97949 443 60493237 38651468 4150404
98367 444 79702247 57623794 4530770
99191 445 60762458 38579183 4226575
99845 446 44560552 22286108 4139651
99691 447 60823969 38412077 4139399
100279 448 61291877 38729852 4174712
100394 449 62330782 39673532 4338781
101162 450 62596800 39679469 4157494
101684 451 62577977 39499958 4691554
102388 452 63303857 40093250 4466487
102862 453 64045614 40612366 4251010
103140 454 64068715 40565914 4294135
103716 455 47243856 23621928 3898889
103532 456 47130102 23565051 4512512
104208 457 47563866 23781933 4049959
104645 458 65697194 41639078 4566689
105347 459 48462052 24232166 4341502
106107 460 48849556 24424778 4022531
106735 461 49236440 24618220 4174852
106760 462 49309688 24654844 4283952
107748 463 90666948 65446719 5148305
107776 464 50061820 25030910 4166849
108164 465 50344208 25173946 4292151
108712 466 50602040 25301020 4471617
109155 467 51013384 25506692 4741262
109195 468 70089195 44476318 4651375
109889 469 71000618 45118003 4782111
110200 470 70032903 44007742 4607730
111304 471 72875795 46536709 4787205
111434 472 72527605 46061097 5025433
111473 473 71877306 45370831 4765546
112408 474 72642925 45785027 4833623
112828 475 73840999 46869740 5054039
113248 476 53905072 26952536 4603812
113632 477 75054238 47793901 5089860
114286 478 75355928 47907954 4952395
114594 479 75611416 47994763 4973022
114844 480 76467639 48800151 5111204
116062 481 55691674 27845837 4876513
115795 482 55684998 27842499 5261867
116869 483 56378164 28189082 4698558
116905 484 105988466 77353832 5763679
117484 485 79007657 50386983 5138006
118133 486 57332084 28666042 4809581
118462 487 79051333 50129697 5451147
119334 488 58239346 29119673 4920073
119634 489 80444444 51057836 5337416
120361 490 58895492 29447746 4920451
120568 491 59252418 29626209 5030152
120936 492 82551379 52619530 5638715
121776 493 82216322 52066901 5505424
122015 494 60359822 30179911 4953317
122476 495 84068052 53630475 5512337
122892 496 60901238 30450619 5060539
123768 497 82877289 51934328 5581612
124139 498 113892637 82670781 7075785
124690 499 85990295 54679398 5690796
124862 500 85180814 53788758 5837152
